0 0
0 0
0 0
0 0
0 0
0 0
0 0
0 0
0 0
0 0
0 0
0 0
0 0
0 0
0 0
0 0
0 0
0 0
0 0
0 0
0 0
0 0
0 0
0 0
0 0
0 0
0 0
0 0
0 0
0 0
0 0
0 0
0 0
0 0
0 0
0 0
0 0
0 0
0 0
0 0
0 0
0 0
0 0
0 0
0 0
0 0
0 0
0 0
0 0
0 0
0 0
0 0
0 0
0 0
0 0
0 0
0 0
0 0
0 0
0 0
0 0
0 0
0 0
0 0
0 0
0 0
0 0
0 0
0 0
0 0
0 0
0 0
0 0
0 0
0 0
0 0
0 0
0 0
0 0
0 0
0 0
0 0
0 0
0 0
0 0
0 0
0 0
0 0
0 0
0 0
0 0
0 0
0 0
0 0
0 0
0 0
0 0
0 0
0 0
0 0
0 0
0 0
0 0
0 0
0 0
0 0
0 0
0 0
0 0
0 0
0 0
0 0
0 0
0 0
0 0
0 0
0 0
0 0
0 0
0 0
0 0
0 0
0 0
0 0
0 0
0 0
0 0
0 0
0 0
0 0
0 0
0 0
0 0
0 0
0 0
0 0
0 0
0 0
0 0
0 0
0 0
0 0
0 0
0 0
0 0
0 0
0 0
0 0
0 0
0 0
0 0
0 0
0 0
0 0
0 0
0 0
0 0
0 0
0 0
0 0
0 0
0 0
0 0
0 0
0 0
0 0
0 0
0 0
0 0
0 0
0 0
0 0
0 0
0 0
0 0
0 0
0 0
0 0
0 0
0 0
0 0
0 0
0 0
0 0
0 0
0 0
0 0
0 0
0 0
0 0
0 0
0 0
0 0
0 0
0 0
0 0
0 0
0 0
0 0
0 0
0 0
0 0
0 0
0 0
0 0
0 0
0 0
0 0
0 0
0 0
0 0
0 0
0 0
0 0
0 0
0 0
0 0
0 0
0 0
0 0
0 0
0 0
0 0
0 0
0 0
0 0
0 0
0 0
0 0
0 0
0 0
0 0
0 0
0 0
0 0
0 0
0 0
0 0
0 0
0 0
0 0
0 0
0 0
0 0
0 0
0 0
0 0
0 0
0 0
0 0
0 0
0 0
0 0
0 0
0 0
0 0
0 0
0 0
0 0
0 0
0 0
0 0
0 0
0 0
0 0
0 0
0 0
0 0
0 0
0 0
0 0
0 0
0 0
0 0
0 0
0 0
0 0
0 0
0 0
0 0
0 0
0 0
0 0
0 0
0 0
0 0
0 0
0 0
0 0
0 0
0 0
0 0
0 0
0 0
0 0
0 0
0 0
0 0
0 0
0 0
0 0
0 0
0 0
0 0
0 0
0 0
0 0
0 0
0 0
0 0
0 0
0 0
0 0
0 0
0 0
0 0
0 0
0 0
0 0
0 0
0 0
0 0
0 0
0 0
0 0
0 0
0 0
0 0
0 0
0 0
0 0
0 0
0 0
0 0
0 0
0 0
0 0
0 0
1 0
1 1
1 1
1 1
1 1
1 1
1 1
1 1
1 1
1 1
1 1
1 1
1 1
1 1
1 1
1 1
2 1
2 2
2 2
2 2
2 2
2 2
2 2
2 2
2 2
2 2
2 2
2 2
2 2
2 2
2 2
2 2
2 2
2 2
2 2
2 2
2 2
2 2
2 2
2 2
2 2
2 2
2 2
2 2
2 2
2 2
2 2
2 2
2 2
2 2
2 2
3 2
3 3
3 3
3 3
3 3
3 3
3 3
3 3
3 3
3 3
3 3
3 3
4 3
4 4
4 4
4 4
4 4
4 4
4 4
4 4
4 4
4 4
4 4
4 4
4 4
4 4
4 4
4 4
4 4
4 4
4 4
4 4
4 4
4 4
4 4
4 4
4 4
4 4
4 4
4 4
4 4
4 4
4 4
4 4
5 4
5 5
5 5
5 5
5 5
5 5
5 5
5 5
5 5
5 5
5 5
6 5
6 6
6 6
6 6
6 6
6 6
6 6
6 6
6 6
6 6
6 6
6 6
6 6
6 6
6 6
7 6
7 7
7 7
7 7
8 7
8 8
8 8
8 8
8 8
8 8
8 8
8 8
8 8
8 8
8 8
8 8
8 8
8 8
8 8
8 8
8 8
8 8
8 8
9 8
9 9
9 9
9 9
9 9
9 9
9 9
10 9
10 10
10 10
10 10
10 10
10 10
10 10
10 10
10 10
10 10
10 10
10 10
10 10
10 10
10 10
11 10
11 11
11 11
11 11
12 11
12 12
12 12
12 12
12 12
12 12
12 12
13 12
13 13
13 13
13 13
14 13
14 14
14 14
14 14
14 14
14 14
14 14
14 14
14 14
15 14
15 15
15 15
15 15
15 15
16 15
16 16
16 16
16 16
16 16
16 16
16 16
16 16
17 16
17 17
18 17
18 18
18 18
18 18
19 18
19 19
19 19
19 19
19 19
20 19
20 20
20 20
20 20
20 20
21 20
21 21
21 21
21 21
21 21
21 21
22 21
22 22
22 22
22 22
22 22
23 22
23 23
23 23
23 23
24 23
24 24
25 24
25 25
25 25
25 25
26 25
27 26
28 27
28 28
28 28
29 28
29 29
29 29
30 29
31 30
31 31
31 31
31 31
32 31
33 32
33 33
36 33
37 34
37 35
37 35
38 35
38 36
39 36
39 37
39 37
40 37
41 38
41 39
43 39
43 40
44 40
44 41
45 41
45 42
46 42
47 43
47 44
48 44
49 45
50 46
51 47
51 48
51 48
52 48
52 49
53 49
54 50
56 51
56 52
56 52
56 52
56 52
56 52
56 52
57 52
57 53
57 53
58 53
59 54
60 55
61 56
63 57
64 58
64 59
65 59
67 60
69 61
69 62
70 62
70 63
73 63
73 64
74 64
76 65
78 66
78 67
78 67
79 67
79 68
82 68
82 69
84 69
85 70
85 71
87 71
88 72
88 73
89 73
89 74
90 74
90 75
91 75
92 76
92 77
93 77
94 78
94 79
94 79
97 79
98 80
99 81
99 82
100 82
100 83
102 83
102 84
103 84
105 85
105 86
108 86
109 87
109 88
110 88
110 89
110 89
111 89
111 90
112 90
114 91
114 92
116 92
119 93
119 94
125 94
129 95
130 96
131 97
133 98
134 99
136 100
136 101
136 101
139 101
141 102
141 103
142 103
145 104
146 105
149 106
150 107
150 108
150 108
151 108
154 109
154 110
156 110
157 111
157 112
157 112
161 112
161 113
162 113
164 114
164 115
167 115
168 116
168 117
170 117
173 118
175 119
175 120
178 120
186 121
186 122
190 122
191 123
192 124
193 125
194 126
196 127
196 128
196 128
199 128
204 129
207 130
209 131
214 132
216 133
217 134
218 135
224 136
227 137
228 138
228 139
229 139
229 140
230 140
234 141
236 142
240 143
242 144
243 145
244 146
247 147
254 148
257 149
260 150
261 151
265 152
265 153
266 153
272 154
273 155
274 156
275 157
278 158
281 159
283 160
283 161
288 161
288 162
291 162
293 163
295 164
303 165
303 166
304 166
306 167
308 168
308 169
315 169
316 170
317 171
326 172
333 173
333 174
336 174
337 175
338 176
346 177
358 178
364 179
377 180
378 181
381 182
385 183
395 184
397 185
398 186
403 187
412 188
414 189
420 190
423 191
436 192
438 193
450 194
455 195
456 196
459 197
460 198
463 199
466 200
467 201
469 202
501 203
510 204
511 205
524 206
530 207
545 208
552 209
561 210
571 211
581 212
582 213
603 214
609 215
615 216
616 217
622 218
624 219
624 220
651 220
660 221
665 222
675 223
676 224
684 225
693 226
707 227
715 228
725 229
729 230
732 231
744 232
746 233
751 234
753 235
765 236
775 237
794 238
816 239
819 240
831 241
839 242
844 243
847 244
848 245
885 246
888 247
894 248
897 249
898 250
922 251
948 252
953 253
963 254
964 255
1000 256
1003 257
1038 258
1060 259
1060 260
1065 260
1104 261
1107 262
1125 263
1138 264
1150 265
1159 266
1175 267
1182 268
1182 269
1183 269
1195 270
1204 271
1219 272
1225 273
1226 274
1255 275
1284 276
1296 277
1298 278
1302 279
1321 280
1328 281
1339 282
1351 283
1354 284
1360 285
1363 286
1385 287
1389 288
1395 289
1410 290
1432 291
1433 292
1449 293
1465 294
1481 295
1515 296
1517 297
1543 298
1545 299
1552 300
1558 301
1586 302
1603 303
1616 304
1619 305
1657 306
1700 307
1743 308
1746 309
1761 310
1763 311
1766 312
1771 313
1866 314
1922 315
1949 316
1965 317
2015 318
2030 319
2085 320
2127 321
2150 322
2167 323
2173 324
2231 325
2249 326
2273 327
2273 328
2281 328
2304 329
2336 330
2340 331
2373 332
2394 333
2427 334
2440 335
2464 336
2492 337
2557 338
2561 339
2576 340
2598 341
2625 342
2726 343
2748 344
2882 345
2893 346
2966 347
2981 348
3026 349
3040 350
3173 351
3184 352
3245 353
3277 354
3323 355
3342 356
3373 357
3397 358
3398 359
3451 360
3451 361
3454 361
3469 362
3482 363
3540 364
3552 365
3659 366
3777 367
3783 368
3904 369
3941 370
3985 371
3993 372
3998 373
4005 374
4041 375
4131 376
4187 377
4193 378
4212 379
4232 380
4238 381
4253 382
4255 383
4307 384
4457 385
4572 386
4572 387
4600 387
4838 388
4958 389
5001 390
5063 391
5143 392
5171 393
5266 394
5293 395
5378 396
5400 397
5471 398
5507 399
5545 400
5593 401
5602 402
5834 403
6125 404
6125 405
6166 405
6194 406
6278 407
6304 408
6308 409
6339 410
6557 411
6560 412
6709 413
6757 414
6857 415
6897 416
6996 417
7182 418
7523 419
7574 420
7598 421
7961 422
8013 423
8064 424
8286 425
8317 426
8338 427
8354 428
8450 429
8450 430
8573 430
8595 431
8698 432
8855 433
8863 434
9026 435
9165 436
9182 437
9206 438
9429 439
9600 440
9687 441
10052 442
10207 443
10353 444
10554 445
10566 446
10620 447
10735 448
10904 449
10938 450
11157 451
11219 452
11274 453
11298 454
11833 455
11860 456
11898 457
11986 458
12077 459
12285 460
12427 461
12672 462
12865 463
12899 464
13111 465
13290 466
13566 467
13602 468
14000 469
14031 470
14211 471
14248 472
14273 473
14301 474
14319 475
14510 476
14644 477
14740 478
14892 479
14974 480
15182 481
15240 482
15432 483
15467 484
15561 485
15662 486
15739 487
15952 488
16311 489
16433 490
16774 491
16863 492
16958 493
17141 494
17187 495
17206 496
17767 497
18152 498
18365 499
18640 500
18821 501
18863 502
18943 503
19321 504
19353 505
19445 506
19584 507
19733 508
19893 509
19908 510
20229 511
20232 512
20339 513
20365 514
20610 515
20620 516
20801 517
20902 518
21136 519
21436 520
22040 521
22084 522
22322 523
22343 524
22354 525
22530 526
22562 527
22784 528
22853 529
22947 530
23345 531
23353 532
23385 533
23620 534
23958 535
23991 536
24121 537
24283 538
24399 539
24529 540
24646 541
24788 542
24928 543
24958 544
24963 545
25046 546
25650 547
25689 548
25728 549
26115 550
26274 551
26296 552
26448 553
26595 554
26836 555
27456 556
27646 557
27659 558
27826 559
27970 560
28055 561
28233 562
28559 563
28682 564
28767 565
28911 566
28924 567
29187 568
29191 569
29321 570
29431 571
29512 572
29550 573
29747 574
29809 575
29926 576
30052 577
30279 578
30345 579
30414 580
30515 581
30744 582
30849 583
31174 584
31198 585
31300 586
32033 587
32508 588
32807 589
32891 590
33099 591
33242 592
33283 593
33698 594
33951 595
33977 596
35067 597
35160 598
35206 599
35711 600
35759 601
35866 602
36366 603
36374 604
36441 605
36579 606
37423 607
37444 608
37937 609
38135 610
38262 611
38283 612
38641 613
38719 614
38748 615
38765 616
38812 617
38999 618
39264 619
39506 620
39542 621
39787 622
40586 623
40599 624
41460 625
42352 626
42404 627
42515 628
42530 629
43023 630
43853 631
44288 632
44433 633
45129 634
45958 635
46113 636
46454 637
47170 638
47431 639
47729 640
48153 641
49319 642
49631 643
50064 644
51518 645
51543 646
51561 647
52032 648
52122 649
52642 650
52995 651
53361 652
53665 653
53753 654
55184 655
55205 656
56548 657
57043 658
57252 659
57437 660
57948 661
58067 662
58766 663
59505 664
59928 665
62148 666
62358 667
65199 668
65728 669
67863 670
68571 671
69255 672
70322 673
70589 674
70844 675
72029 676
72393 677
72407 678
72802 679
73107 680
73701 681
74544 682
74567 683
74998 684
76680 685
76726 686
77563 687
78923 688
79054 689
81050 690
81924 691
83811 692
85928 693
86154 694
86668 695
87976 696
88544 697
89216 698
89223 699
89984 700
90111 701
92244 702
92438 703
92665 704
95762 705
97306 706
101167 707
101406 708
101743 709
101800 710
103632 711
104423 712
104627 713
106302 714
108661 715
108858 716
109261 717
109745 718
111650 719
112405 720
112443 721
113056 722
115448 723
115831 724
116440 725
117939 726
118281 727
118588 728
119400 729
129036 730
130067 731
131376 732
132548 733
135806 734
135810 735
135941 736
138445 737
139283 738
141099 739
142057 740
143887 741
146301 742
153679 743
154583 744
155292 745
155459 746
155669 747
156933 748
158172 749
165140 750
167766 751
167895 752
168160 753
169586 754
172684 755
173742 756
174122 757
176891 758
177089 759
177790 760
178653 761
186617 762
187185 763
190688 764
190997 765
195958 766
208292 767
212528 768
217304 769
221019 770
222440 771
222771 772
225289 773
229392 774
229743 775
232441 776
233436 777
233945 778
236172 779
237278 780
238078 781
244155 782
244484 783
245579 784
247990 785
254982 786
256074 787
265602 788
268981 789
270963 790
279493 791
279938 792
282278 793
285837 794
290116 795
290214 796
291180 797
295009 798
295350 799
297623 800
300053 801
321384 802
328985 803
343887 804
363280 805
367399 806
373667 807
379576 808
386307 809
389620 810
394203 811
398279 812
403096 813
407371 814
420356 815
420815 816
436881 817
438692 818
461665 819
474635 820
484308 821
498445 822
508740 823
527865 824
550464 825
550672 826
552541 827
561483 828
567986 829
574487 830
582636 831
587226 832
588975 833
590722 834
599235 835
600402 836
601883 837
605396 838
610143 839
613852 840
615498 841
616012 842
624222 843
647248 844
665639 845
692594 846
695454 847
698623 848
701588 849
765038 850
766111 851
773146 852
786540 853
815939 854
822478 855
823803 856
827620 857
831977 858
844821 859
848627 860
851523 861
851559 862
861205 863
861298 864
870473 865
871366 866
871612 867
886545 868
890136 869
909970 870
919608 871
931207 872
932430 873
969756 874
987905 875
1022900 876
1040945 877
1046274 878
1080685 879
1084672 880
1113724 881
1117144 882
1117243 883
1125137 884
1138214 885
1157156 886
1189427 887
1194268 888
1195614 889
1207133 890
1228682 891
1256386 892
1315612 893
1335068 894
1356651 895
1363782 896
1369826 897
1393034 898
1406244 899
1408335 900
1457767 901
1494461 902
1534790 903
1535999 904
1541547 905
1553298 906
1567406 907
1639058 908
1655210 909
1666863 910
1730032 911
1758586 912
1795549 913
1797830 914
1834169 915
1850743 916
1859090 917
1872636 918
1933620 919
1976313 920
2028369 921
2044225 922
2078396 923
2090716 924
2114369 925
2162062 926
2168067 927
2183514 928
2266444 929
2269534 930
2326615 931
2399669 932
2415021 933
2427594 934
2428508 935
2572039 936
2596206 937
2682123 938
2688947 939
2716229 940
2787834 941
2898803 942
3109273 943
3111117 944
3242052 945
3311526 946
3381390 947
3488494 948
3491617 949
3492851 950
3551138 951
3584029 952
3875034 953
3905060 954
3959912 955
4169726 956
4385886 957
4448879 958
4461526 959
4585364 960
4648120 961
4672051 962
4705273 963
4743442 964
4870301 965
4930017 966
4939922 967
5112373 968
5134637 969
5335237 970
5354496 971
5405335 972
5619275 973
5701300 974
5854182 975
5935294 976
5976388 977
5996514 978
6120430 979
6177035 980
6533704 981
6720196 982
6738437 983
6797199 984
6983775 985
7189925 986
7221392 987
7272516 988
7291601 989
7395887 990
7438833 991
7657308 992
7763151 993
7937724 994
7977898 995
7985118 996
8218786 997
8294747 998
8346175 999
8443842 1000
8560243 1001
8565926 1002
8631388 1003
8659351 1004
9151863 1005
9217058 1006
9252776 1007
9423253 1008
9456937 1009
9560943 1010
9954972 1011
10057427 1012
10107094 1013
10511389 1014
10633163 1015
10917637 1016
11347121 1017
11525701 1018
11619901 1019
11715809 1020
12042601 1021
12375476 1022
12430495 1023
12499916 1024
12548217 1025
13294293 1026
13544278 1027
13561843 1028
13897455 1029
14635042 1030
14727740 1031
14824036 1032
15182167 1033
15813079 1034
15964202 1035
16547413 1036
16685389 1037
17089359 1038
18028961 1039
18062975 1040
18101435 1041
18422977 1042
19300098 1043
19548036 1044
19697247 1045
19726325 1046
20827611 1047
21957813 1048
22335695 1049
22792262 1050
23588745 1051
24365976 1052
25738016 1053
26004250 1054
26062680 1055
26181938 1056
27443569 1057
27934316 1058
30172034 1059
34863428 1060
39097024 1061
39834032 1062
40010507 1063
41441474 1064
41950844 1065
42383874 1066
42460139 1067
42698562 1068
43112563 1069
43271253 1070
44841371 1071
48031390 1072
49494092 1073
52872016 1074
55788647 1075
57937249 1076
58766109 1077
59700403 1078
60354529 1079
61041233 1080
61912749 1081
66028931 1082
70268561 1083
77335255 1084
85972510 1085
86911480 1086
88659992 1087
94793520 1088
96287802 1089
101995165 1090
103077915 1091
103289698 1092
107697187 1093
111469162 1094
113560463 1095
115946144 1096
118575330 1097
120830404 1098
134248379 1099
134772071 1100
136088880 1101
145671691 1102
145856860 1103
147089255 1104
147390672 1105
160672284 1106
169113304 1107
175392838 1108
180430425 1109
184323809 1110
199909758 1111
205392354 1112
217876568 1113
230690560 1114
242306721 1115
256283314 1116
259243786 1117
265495615 1118
267467004 1119
274787785 1120
275408522 1121
279198774 1122
282510793 1123
301143405 1124
347105530 1125
368524294 1126
377896627 1127
378130214 1128
391699093 1129
405788140 1130
417930313 1131
429097930 1132
437550297 1133
472104169 1134
479259773 1135
481997726 1136
521132139 1137
560144891 1138
608276114 1139
727153047 1140
893799967 1141
1035005345 1142
1133015900 1143
